last-generated=2014-07-02
roo.yCFD[2]=[0.00034408824285492301, 0.00034408824285492301, 0.00034408824285492301, 0.00034408824285492301, 0.00034408824285492301, 0.00034408824285492301, 0.00631987024098634720, 0.00631987024098634720, 0.00631987024098634720, 0.00631987024098634720, 0.00631987024098634720, 0.00897768605500459671, 0.00897768605500459671, 0.00897768605500459671, 0.00897768605500459671, 0.00897768605500459671, 0.01127678807824850082, 0.01127678807824850082, 0.01127678807824850082, 0.01127678807824850082, 0.01127678807824850082, 0.01362840365618467331, 0.01362840365618467331, 0.01362840365618467331, 0.01362840365618467331, 0.01362840365618467331, 0.01660420186817646027, 0.01660420186817646027, 0.01660420186817646027, 0.01660420186817646027, 0.01660420186817646027, 0.01611599698662757874, 0.01611599698662757874, 0.01611599698662757874, 0.01611599698662757874, 0.01611599698662757874, 0.01934614777565002441, 0.01934614777565002441, 0.01934614777565002441, 0.01934614777565002441, 0.01934614777565002441, 0.01886847428977489471, 0.01886847428977489471, 0.01886847428977489471, 0.01886847428977489471, 0.01886847428977489471, 0.01780586317181587219, 0.01780586317181587219, 0.01780586317181587219, 0.01780586317181587219, 0.01780586317181587219, 0.01549961790442466736, 0.01549961790442466736, 0.01549961790442466736, 0.01549961790442466736, 0.01549961790442466736, 0.01303104683756828308, 0.01303104683756828308, 0.01303104683756828308, 0.01303104683756828308, 0.01303104683756828308, 0.01234358362853527069, 0.01234358362853527069, 0.01234358362853527069, 0.01234358362853527069, 0.01234358362853527069, 0.01148104481399059296, 0.01148104481399059296, 0.01148104481399059296, 0.01148104481399059296, 0.01148104481399059296, 0.00978846661746501923, 0.00978846661746501923, 0.00978846661746501923, 0.00978846661746501923, 0.00978846661746501923, 0.00827552750706672668, 0.00827552750706672668, 0.00827552750706672668, 0.00827552750706672668, 0.00827552750706672668, 0.00692918524146080017, 0.00692918524146080017, 0.00692918524146080017, 0.00692918524146080017, 0.00692918524146080017, 0.00577662605792284012, 0.00577662605792284012, 0.00577662605792284012, 0.00577662605792284012, 0.00577662605792284012, 0.00492234807461500168, 0.00492234807461500168, 0.00492234807461500168, 0.00492234807461500168, 0.00492234807461500168, 0.00450625130906701088, 0.00450625130906701088, 0.00450625130906701088, 0.00450625130906701088, 0.00450625130906701088]
time=[0.00000000000000000000, 120.00000000000000000000]
