last-generated=2014-06-26
roo.yCFD[2]=[0.00131345726549625397, 0.00131345726549625397, 0.00131345726549625397, 0.00131345726549625397, 0.00131345726549625397, 0.00131345726549625397, 0.00633516442030668259, 0.00633516442030668259, 0.00633516442030668259, 0.00633516442030668259, 0.00633516442030668259, 0.00927219167351722717, 0.00927219167351722717, 0.00927219167351722717, 0.00927219167351722717, 0.00927219167351722717, 0.01126797217875719070, 0.01126797217875719070, 0.01126797217875719070, 0.01126797217875719070, 0.01126797217875719070, 0.01409236341714859009, 0.01409236341714859009, 0.01409236341714859009, 0.01409236341714859009, 0.01409236341714859009, 0.01623867452144622803, 0.01623867452144622803, 0.01623867452144622803, 0.01623867452144622803, 0.01623867452144622803, 0.01868463121354579926, 0.01868463121354579926, 0.01868463121354579926, 0.01868463121354579926, 0.01868463121354579926, 0.01898905821144580841, 0.01898905821144580841, 0.01898905821144580841, 0.01898905821144580841, 0.01898905821144580841, 0.01829245127737522125, 0.01829245127737522125, 0.01829245127737522125, 0.01829245127737522125, 0.01829245127737522125, 0.01732087694108486176, 0.01732087694108486176, 0.01732087694108486176, 0.01732087694108486176, 0.01732087694108486176, 0.01625115983188152313, 0.01625115983188152313, 0.01625115983188152313, 0.01625115983188152313, 0.01625115983188152313, 0.01441268716007471085, 0.01441268716007471085, 0.01441268716007471085, 0.01441268716007471085, 0.01441268716007471085, 0.01262723468244075775, 0.01262723468244075775, 0.01262723468244075775, 0.01262723468244075775, 0.01262723468244075775, 0.01087323948740959167, 0.01087323948740959167, 0.01087323948740959167, 0.01087323948740959167, 0.01087323948740959167, 0.00939934886991977692, 0.00939934886991977692, 0.00939934886991977692, 0.00939934886991977692, 0.00939934886991977692, 0.00772784650325775146, 0.00772784650325775146, 0.00772784650325775146, 0.00772784650325775146, 0.00772784650325775146, 0.00624160654842853546, 0.00624160654842853546, 0.00624160654842853546, 0.00624160654842853546, 0.00624160654842853546, 0.00620061205700039864, 0.00620061205700039864, 0.00620061205700039864, 0.00620061205700039864, 0.00620061205700039864, 0.00540943164378404617, 0.00540943164378404617, 0.00540943164378404617, 0.00540943164378404617, 0.00540943164378404617, 0.00490790093317627907, 0.00490790093317627907, 0.00490790093317627907, 0.00490790093317627907, 0.00490790093317627907]
time=[0.00000000000000000000, 120.00000000000000000000]
